NP_388833.1_sigM_Bs168	WP_003224177.1	100.000	163	0	0	1	163	1	163	4.94e-121	338
NP_388833.1_sigM_Bs168	WP_000824008.1	36.943	157	93	2	2	155	6	159	2.23e-27	101
NP_388833.1_sigM_Bs168	WP_003234958.1	32.317	164	92	4	5	153	22	181	6.79e-21	85.1
NP_388833.1_sigM_Bs168	WP_000438330.1	30.178	169	104	6	3	163	14	176	6.36e-18	77.0
NP_388833.1_sigM_Bs168	WP_038497025.1	27.500	160	112	4	1	157	6	164	1.87e-17	75.9
NP_388833.1_sigM_Bs168	WP_004398507.1	28.205	156	108	2	1	155	1	153	6.82e-17	74.3
NP_388833.1_sigM_Bs168	WP_004432061.1	29.801	151	95	5	17	163	26	169	9.95e-17	74.3
NP_388833.1_sigM_Bs168	NP_215737.1	27.922	154	106	3	4	153	85	237	1.29e-16	75.1
NP_388833.1_sigM_Bs168	WP_008761066.1	28.302	159	104	4	4	158	23	175	1.72e-16	73.6
NP_388833.1_sigM_Bs168	WP_011557245.1	27.273	154	106	2	6	153	40	193	2.22e-16	73.6
NP_388833.1_sigM_Bs168	WP_038493726.1	29.167	144	94	4	21	159	39	179	1.11e-15	71.2
NP_388833.1_sigM_Bs168	WP_155250046.1	31.677	161	102	4	2	160	20	174	1.25e-15	70.9
NP_388833.1_sigM_Bs168	WP_012457515.1	29.054	148	101	2	6	152	24	168	4.66e-15	69.7
NP_388833.1_sigM_Bs168	WP_027480180.1	29.412	153	101	4	10	155	31	183	6.74e-15	69.3
NP_388833.1_sigM_Bs168	WP_025307296.1	29.412	153	102	3	2	149	23	174	8.97e-15	69.3
NP_388833.1_sigM_Bs168	WP_003245485.1	28.025	157	107	3	2	153	6	161	9.95e-15	68.6
NP_388833.1_sigM_Bs168	WP_021334972.1	26.061	165	116	4	4	163	43	206	1.18e-14	69.3
NP_388833.1_sigM_Bs168	NP_627654.1	28.378	148	97	2	14	154	42	187	5.38e-14	67.4
NP_388833.1_sigM_Bs168	WP_071740389.1	28.662	157	98	4	6	153	2	153	7.01e-14	66.2
NP_388833.1_sigM_Bs168	NP_463952.1	30.128	156	103	4	3	153	21	175	9.47e-14	66.2
NP_388833.1_sigM_Bs168	WP_011554312.1	29.167	168	94	5	2	153	20	178	1.11e-13	67.4
NP_388833.1_sigM_Bs168	NP_629295.1	27.607	163	111	4	2	158	37	198	2.62e-13	65.9
NP_388833.1_sigM_Bs168	WP_011554150.1	28.049	164	103	3	4	153	15	177	7.61e-13	64.3
NP_388833.1_sigM_Bs168	NP_625164.1	27.389	157	102	5	3	152	28	179	9.07e-13	63.9
NP_388833.1_sigM_Bs168	NP_217739.1	29.697	165	89	5	11	155	37	194	1.27e-12	63.9
NP_388833.1_sigM_Bs168	WP_004308114.1	29.139	151	97	5	12	155	15	162	1.59e-12	62.8
NP_388833.1_sigM_Bs168	WP_026114044.1	25.749	167	109	3	6	157	23	189	1.64e-12	63.2
NP_388833.1_sigM_Bs168	WP_008767733.1	26.797	153	107	3	10	157	28	180	2.41e-12	62.4
NP_388833.1_sigM_Bs168	WP_003230521.1	25.434	173	110	5	6	163	8	176	2.69e-12	62.8
NP_388833.1_sigM_Bs168	WP_000869257.1	27.500	160	108	3	3	155	11	169	2.70e-12	62.4
NP_388833.1_sigM_Bs168	WP_008760422.1	26.797	153	105	3	5	152	20	170	3.55e-12	62.0
NP_388833.1_sigM_Bs168	NP_627533.1	27.273	154	108	2	6	155	18	171	4.14e-12	61.6
NP_388833.1_sigM_Bs168	NP_251586.1	28.125	160	101	6	6	155	32	187	4.89e-12	62.0
NP_388833.1_sigM_Bs168	NP_629363.1	26.994	163	98	5	10	155	43	201	5.13e-12	62.4
NP_388833.1_sigM_Bs168	WP_026113989.1	26.627	169	105	4	6	158	26	191	5.20e-12	62.0
NP_388833.1_sigM_Bs168	WP_011554720.1	24.540	163	113	3	6	158	43	205	5.38e-12	62.0
NP_388833.1_sigM_Bs168	WP_014318785.1	28.481	158	96	6	11	153	20	175	5.59e-12	62.0
NP_388833.1_sigM_Bs168	NP_625166.1	30.597	134	75	5	13	136	55	180	9.69e-12	61.2
NP_388833.1_sigM_Bs168	WP_011244481.1	25.301	166	111	3	1	153	43	208	1.07e-11	61.2
NP_388833.1_sigM_Bs168	WP_008764719.1	25.974	154	101	4	14	158	33	182	2.47e-11	59.7
NP_388833.1_sigM_Bs168	WP_013944800.1	27.273	154	101	3	6	152	19	168	3.87e-11	59.3
NP_388833.1_sigM_Bs168	WP_025307382.1	24.490	147	103	4	5	150	11	150	6.92e-11	58.2
NP_388833.1_sigM_Bs168	WP_008763658.1	30.000	150	93	5	14	156	17	161	1.10e-10	57.8
NP_388833.1_sigM_Bs168	WP_000391642.1	25.595	168	100	5	3	153	5	164	1.16e-10	57.8
NP_388833.1_sigM_Bs168	WP_011552571.1	26.875	160	112	3	2	159	8	164	2.41e-10	57.0
NP_388833.1_sigM_Bs168	WP_003264474.1	24.837	153	103	3	10	150	29	181	3.58e-10	57.0
NP_388833.1_sigM_Bs168	WP_004583457.1	28.671	143	94	4	17	153	20	160	4.96e-10	55.8
NP_388833.1_sigM_Bs168	WP_008765767.1	24.375	160	108	5	5	155	26	181	5.51e-10	56.2
NP_388833.1_sigM_Bs168	WP_011108700.1	31.410	156	92	5	2	146	28	179	6.03e-10	56.2
NP_388833.1_sigM_Bs168	WP_011553969.1	28.767	146	96	3	14	153	68	211	8.29e-10	56.2
NP_388833.1_sigM_Bs168	NP_639689.1	27.215	158	105	5	6	154	65	221	1.31e-09	56.6
NP_388833.1_sigM_Bs168	WP_001880851.1	30.719	153	96	5	6	155	29	174	1.33e-09	55.1
NP_388833.1_sigM_Bs168	NP_215249.1	25.170	147	98	3	6	145	18	159	1.42e-09	55.1
NP_388833.1_sigM_Bs168	NP_627178.1	25.444	169	102	5	6	161	36	193	2.20e-09	54.7
NP_388833.1_sigM_Bs168	WP_008760019.1	25.532	141	102	3	6	143	26	166	2.30e-09	54.3
NP_388833.1_sigM_Bs168	WP_003243678.1	25.735	136	92	3	27	157	45	176	2.92e-09	54.3
NP_388833.1_sigM_Bs168	WP_008762155.1	24.490	147	105	4	12	153	15	160	3.50e-09	53.9
NP_388833.1_sigM_Bs168	NP_249453.1	25.949	158	105	5	10	155	29	186	4.13e-09	53.9
NP_388833.1_sigM_Bs168	WP_011004896.1	23.077	156	108	3	10	155	25	178	4.15e-09	54.3
NP_388833.1_sigM_Bs168	NP_417068.1	28.358	134	81	5	30	150	48	179	4.15e-09	53.9
NP_388833.1_sigM_Bs168	WP_041740603.1	27.857	140	81	5	12	143	35	162	4.36e-09	53.9
NP_388833.1_sigM_Bs168	WP_004431393.1	24.375	160	111	4	6	158	24	180	4.75e-09	53.5
NP_388833.1_sigM_Bs168	WP_008767954.1	23.810	147	109	2	5	149	21	166	6.31e-09	53.1
NP_388833.1_sigM_Bs168	WP_025594844.1	21.970	132	99	2	21	148	41	172	6.88e-09	53.1
NP_388833.1_sigM_Bs168	WP_011108357.1	27.703	148	99	5	12	153	15	160	9.16e-09	52.8
NP_388833.1_sigM_Bs168	NP_249991.1	25.767	163	108	4	2	152	8	169	9.25e-09	52.8
NP_388833.1_sigM_Bs168	NP_216585.1	27.333	150	102	4	8	154	31	176	1.46e-08	52.4
NP_388833.1_sigM_Bs168	WP_001005346.1	25.000	152	103	4	10	150	29	180	1.63e-08	52.4
NP_388833.1_sigM_Bs168	WP_014308159.1	27.481	131	89	3	24	152	33	159	1.89e-08	52.0
NP_388833.1_sigM_Bs168	WP_008763624.1	25.806	155	108	5	4	157	9	157	1.95e-08	51.6
NP_388833.1_sigM_Bs168	NP_252100.1	31.111	135	89	2	17	147	24	158	2.40e-08	51.6
NP_388833.1_sigM_Bs168	WP_011108473.1	25.000	152	111	3	6	155	21	171	2.73e-08	52.8
NP_388833.1_sigM_Bs168	WP_008764619.1	23.684	152	113	1	5	153	31	182	3.07e-08	51.6
NP_388833.1_sigM_Bs168	WP_038490951.1	27.273	154	103	6	3	152	5	153	3.50e-08	51.2
NP_388833.1_sigM_Bs168	WP_004585541.1	25.466	161	109	5	1	153	24	181	3.60e-08	51.2
NP_388833.1_sigM_Bs168	WP_062695819.1	27.703	148	99	5	12	153	15	160	4.19e-08	50.8
NP_388833.1_sigM_Bs168	NP_625240.1	27.737	137	88	5	14	143	31	163	4.74e-08	50.8
NP_388833.1_sigM_Bs168	WP_004398891.1	24.638	138	98	3	12	148	20	152	1.00e-07	49.7
NP_388833.1_sigM_Bs168	WP_026113852.1	24.405	168	108	3	10	158	32	199	1.67e-07	49.7
NP_388833.1_sigM_Bs168	WP_008763441.1	26.531	147	100	5	13	153	16	160	1.83e-07	48.9
NP_388833.1_sigM_Bs168	WP_011554965.1	28.986	138	85	6	29	155	52	187	1.92e-07	49.3
NP_388833.1_sigM_Bs168	WP_011554319.1	24.818	137	92	3	21	149	26	159	3.02e-07	48.5
NP_388833.1_sigM_Bs168	NP_629148.1	24.658	146	103	3	14	157	20	160	3.10e-07	48.5
NP_388833.1_sigM_Bs168	WP_011002284.1	22.293	157	113	3	6	153	51	207	3.52e-07	48.9
NP_388833.1_sigM_Bs168	WP_008760363.1	23.256	129	96	2	10	135	26	154	3.67e-07	48.5
NP_388833.1_sigM_Bs168	WP_011002888.1	22.581	155	80	5	20	153	21	156	4.52e-07	48.1
NP_388833.1_sigM_Bs168	NP_624529.1	20.382	157	122	2	6	159	39	195	7.54e-07	47.8
NP_388833.1_sigM_Bs168	WP_001030417.1	30.588	85	56	1	72	153	150	234	7.77e-07	48.1
NP_388833.1_sigM_Bs168	WP_020478333.1	25.342	146	99	4	2	142	20	160	8.28e-07	47.4
NP_388833.1_sigM_Bs168	WP_032506877.1	26.752	157	107	4	4	159	25	174	1.49e-06	46.6
NP_388833.1_sigM_Bs168	WP_080863981.1	25.373	134	89	4	28	153	38	168	1.52e-06	46.6
NP_388833.1_sigM_Bs168	WP_011550349.1	28.105	153	83	4	16	144	18	167	2.30e-06	47.0
NP_388833.1_sigM_Bs168	WP_003436663.1	24.823	141	97	4	15	153	22	155	3.24e-06	45.4
NP_388833.1_sigM_Bs168	WP_000675556.1	24.540	163	98	4	5	153	24	175	5.70e-06	45.1
NP_388833.1_sigM_Bs168	WP_011553459.1	23.750	160	111	4	1	153	19	174	8.42e-06	45.1
NP_388833.1_sigM_Bs168	WP_000864729.1	23.404	141	99	3	14	153	39	171	9.87e-06	44.3
NP_388833.1_sigM_Bs168	WP_000483035.1	20.625	160	110	4	6	153	32	186	1.03e-05	44.7
NP_388833.1_sigM_Bs168	NP_629020.1	19.108	157	121	3	6	157	26	181	1.48e-05	44.3
NP_388833.1_sigM_Bs168	NP_629048.1	23.280	189	112	5	3	161	10	195	1.63e-05	44.7
NP_388833.1_sigM_Bs168	WP_004583806.1	24.161	149	95	4	4	137	25	170	2.08e-05	43.5
NP_388833.1_sigM_Bs168	NP_628187.1	23.022	139	106	1	16	153	10	148	2.83e-05	42.7
NP_388833.1_sigM_Bs168	WP_000337509.1	23.179	151	104	4	12	160	28	168	3.03e-05	43.5
NP_388833.1_sigM_Bs168	WP_011555464.1	27.007	137	91	5	29	157	50	185	5.10e-05	42.7
NP_388833.1_sigM_Bs168	WP_025309103.1	34.146	82	47	2	75	153	169	246	5.83e-05	42.7
NP_388833.1_sigM_Bs168	WP_003439159.1	24.648	142	98	4	14	154	17	150	5.92e-05	42.0
NP_388833.1_sigM_Bs168	NP_629061.1	26.950	141	85	4	21	153	46	176	6.28e-05	42.4
NP_388833.1_sigM_Bs168	NP_624495.1	26.250	160	94	7	14	160	28	176	7.25e-05	42.7
NP_388833.1_sigM_Bs168	NP_250602.1	24.576	118	85	2	28	142	37	153	1.04e-04	41.6
NP_388833.1_sigM_Bs168	WP_003518695.1	23.622	127	90	3	18	137	20	146	1.20e-04	41.2
NP_388833.1_sigM_Bs168	NP_418713.1	21.192	151	115	2	1	148	11	160	1.23e-04	41.2
NP_388833.1_sigM_Bs168	WP_038497316.1	23.226	155	106	5	14	159	19	169	1.36e-04	41.2
NP_388833.1_sigM_Bs168	WP_011552470.1	24.823	141	89	3	28	154	67	204	1.36e-04	41.6
NP_388833.1_sigM_Bs168	WP_016268625.1	27.737	137	88	4	29	159	31	162	2.36e-04	40.4
NP_388833.1_sigM_Bs168	WP_011244401.1	22.013	159	113	3	6	153	34	192	3.00e-04	40.4
NP_388833.1_sigM_Bs168	WP_014311116.1	23.308	133	97	3	28	155	60	192	3.15e-04	40.4
NP_388833.1_sigM_Bs168	NP_214696.1	22.754	167	90	5	21	155	76	235	3.26e-04	40.8
NP_388833.1_sigM_Bs168	WP_014301156.1	24.265	136	96	3	24	155	39	171	3.80e-04	40.0
NP_388833.1_sigM_Bs168	WP_026114018.1	24.516	155	111	6	5	153	24	178	3.81e-04	40.0
NP_388833.1_sigM_Bs168	WP_011002009.1	30.380	79	51	2	87	161	109	187	6.56e-04	39.3
NP_388833.1_sigM_Bs168	WP_003511036.1	22.917	144	103	4	4	140	7	149	0.001	38.5
NP_388833.1_sigM_Bs168	WP_008766239.1	20.000	140	101	3	5	137	27	162	0.001	38.9
NP_388833.1_sigM_Bs168	WP_005681497.1	22.561	164	114	3	2	155	11	171	0.001	38.5
NP_388833.1_sigM_Bs168	WP_021665844.1	26.389	144	95	4	16	153	19	157	0.002	38.1
NP_388833.1_sigM_Bs168	WP_020478156.1	34.328	67	39	2	29	92	39	103	0.002	38.1
NP_388833.1_sigM_Bs168	WP_004082042.1	26.429	140	82	4	36	159	50	184	0.002	38.1
NP_388833.1_sigM_Bs168	NP_252588.1	25.000	128	92	2	28	152	37	163	0.002	37.7
NP_388833.1_sigM_Bs168	NP_628323.1	20.482	166	103	3	4	153	24	176	0.002	37.7
NP_388833.1_sigM_Bs168	NP_251116.1	26.829	123	83	4	21	137	32	153	0.003	37.4
NP_388833.1_sigM_Bs168	NP_250146.1	32.143	56	38	0	99	154	184	239	0.003	37.4
NP_388833.1_sigM_Bs168	WP_008766735.1	22.378	143	99	2	25	160	34	171	0.004	37.0
NP_388833.1_sigM_Bs168	NP_251975.1	20.979	143	90	3	29	149	46	187	0.004	37.0
NP_388833.1_sigM_Bs168	NP_249366.1	27.007	137	87	5	27	153	33	166	0.005	36.6
NP_388833.1_sigM_Bs168	WP_000840007.1	20.423	142	110	2	14	153	35	175	0.006	36.6
NP_388833.1_sigM_Bs168	NP_628295.1	20.118	169	118	3	4	156	136	303	0.006	37.4
NP_388833.1_sigM_Bs168	NP_248839.1	23.308	133	98	2	25	154	35	166	0.006	36.6
NP_388833.1_sigM_Bs168	NP_627901.1	21.935	155	114	3	4	157	19	167	0.006	36.6
NP_388833.1_sigM_Bs168	WP_008764987.1	22.378	143	102	4	4	138	15	156	0.007	36.2
NP_388833.1_sigM_Bs168	WP_011557133.1	21.935	155	110	6	3	155	16	161	0.008	36.2
NP_388833.1_sigM_Bs168	WP_003513086.1	24.603	126	92	1	28	153	48	170	0.009	36.2
NP_388833.1_sigM_Bs168	WP_003513560.1	25.217	115	74	3	29	138	42	149	0.009	35.8
NP_388833.1_sigM_Bs168	WP_008761748.1	20.979	143	103	3	16	153	27	164	0.010	35.8
